Webots Project File version R2022a
perspectives: 000000ff00000000fd00000003000000000000016b000002e8fc0100000002fb0000001e00480074006d006c0052006f0062006f007400570069006e0064006f007700000000000000016b0000000000000000fb0000001a0044006f00630075006d0065006e0074006100740069006f006e0000000000ffffffff00000000000000000000000100000363000004dffc0200000001fb0000001400540065007800740045006400690074006f00720100000000000004df0000008b00ffffff0000000300000a00000000a4fc0100000001fc0000000000000a000000008700fffffffa000000010100000002fb0000001a0043006f006e0073006f006c00650041006c006c0041006c006c02000000000000029b000005a0000000d9fb0000001a0043006f006e0073006f006c00650041006c006c0041006c006c0100000000ffffffff0000008700ffffff0000069b000004df00000001000000020000000100000008fc00000000
simulationViewPerspectives: 000000ff000000010000000200000000000003010100000002010000000100
sceneTreePerspectives: 000000ff0000000100000002000000c0000000fc0100000002010000000200
minimizedPerspectives: 000000ff00000000fd00000003000000000000016b000002e8fc0100000002fb0000001e00480074006d006c0052006f0062006f007400570069006e0064006f007700000000000000016b0000000000000000fb0000001a0044006f00630075006d0065006e0074006100740069006f006e0000000000ffffffff0000000000000000000000010000029b000004dffc0200000001fb0000001400540065007800740045006400690074006f00720100000000000004df0000008b00ffffff0000000300000a00000000a4fc0100000001fc0000000000000a000000008700fffffffa000000010100000002fb0000001a0043006f006e0073006f006c00650041006c006c0041006c006c02000000000000029b000005a0000000d9fb0000001a0043006f006e0073006f006c00650041006c006c0041006c006c0100000000ffffffff0000008700ffffff00000763000004df00000001000000020000000100000008fc00000000
maximizedDockId: -1
centralWidgetVisible: 1
orthographicViewHeight: 1
textFiles: 0 "controllers/csci3302_lab2/csci3302_lab2.py"
consoles: Console:All:All
consoles: Console:All:All
renderingDevicePerspectives: e-puck:camera;0;0.942308;0;0
renderingDevicePerspectives: e-puck:display;1;1.11563;0;0
